第一周：
13
21
14
1
2
共计：0.85

第二周：
4
10
191
106
75
159
11
共计：9.27

第三周：
115
98
53
71
52
55
8
共计：7.53

第四周
115
141
180
96
1
5
6
共计：9.07

第五周
14
18
10
18
52
60
104
共计：4.60

第六周
195
107
94
44
110
17
22
共计：9.82

第七周
5
13
5
8
48
5
15
共计：1.65

第八周
37
128
9
15
28
11
16
共计：4.07

第九周
46
40
86
13
28
19
99
共计：5.52

第十周
96
27
105
43
57
5
8
总计：5.68

第十一周
50
66
15
78
43
140
119
总计：8.52

第十二周
98
87
109
112
16
49
25
共计：8.27

第十三周
90
97
125
143
15
74
516
共计：17.67

第十四周
87
149
90
191
76
259
122
共计：16.23

第十五周
165
117
101
249
26
6
295
共计：15.98

第十六周
35
50
69
73
67
39
95
共计：7.13

第十七周
59
59
41
12
32
160
128
共计：8.18

第十八周
190
44
23
4
12
15
6
共计：4.90

第十九周
6
4
2
3
24
4
8
共计：0.85

第二十周
8
69
18
4
37
53
14
共计：3.38

第二十一周
42
9
60
81
67
116
97
共计：7.87

第二十二周
66
65
195
232
61
62
79
共计：12.67

第二十三周
98
78
60
75
62
73
62
共计：8.47

第二十四周
62
74
81
90
70
93
83
共计：9.22

第二十五周
81
68
76
62
67
62
60
共计：7.93

第二十六周
63
75
87
143
213
128
123
共计：13.87

第二十七周
72
65
62
66
61
76
64
共计：7.77

第二十八周
79
65
151
148
81
190
224
共计：15.63

第二十九周
244
162
172
222
124
98
155
共计：19.62

第三十周
158
128
62
135
70
61
148
共计：12.70

第三十一周
72
63
66
174
198
72
205
共计：14.17

第三十二周
255
159
