单位:小时
！记住，真正可以衡量一件事物重要性的是——为这件事你付出多少时间，时间永远是最公正的裁判
！时间是虚无的谎言，不是记录时间，而是投入时间
！关注结果，而非形式

【从3月03号开始】
第01周
1.0
0.5
0.4
0.2
1.3
0.8
0.3
共计：4.5h

第02周
0.4
0.5
0.4
0.2
0.1
0.1
0.1
共计：1.8h

第03周
0.6
0.1
0.6
0.1
0.1
0.5
0.1
共计：2.1h

第04周
0.5
0.7
0.8
0.1
0.2
0.7
0.1
共计：3.1h

第05周
0.3
0.4
0.6
0.4
0.7
2.8
2.3
共计：7.5h

第六周
1.5
0.2
2.6
1.3
1.1
2.2
1.5
共计：11.4h

第七周
2.1
0.3
0.1
0.5
0.1
3.0
0.6
共计：6.7【这一周没有去学新知识】

第八周
0.2
1.1
0.1
1.1
1.6
3.6
0.2
共计：7.7

第九周
0.8
0.2
0.1
0.1
0.1
0.1
0.1
共计：1.5

第十周
0.1
0.1
0.1
0.1
0.1
0.1
0.1
共计：0.7

第十一周
0.1
0.1
0.1
0.1
0.1
0.1
0.1
共计：0.7

第十二周
0.1
0.1
0.8
1.5
1.0
0.5
1.3
共计：5.3【python】

第十三周
0.4
0.1
0.3
4.4
1.2
4.1
0.1
共计：10.4

第十四周
0.8
0.1
0.1
0.1
0.1
0.2
1.2
共计：2.6

第十五周
3.3
0.1
0.3
3.3
0.1
0.1
05
共计：7.7

第十六周
0.4
0.4
2.4
2.6
0.6
4
3
共计：13.4

第十七周
1.8
3.4
2.5
2.3
0.7
0.1
0.1
共计：10.9

第十八周
0.1
0.7
0.1
6.4
4.6
3.6
0.6
共计：17.1

第十九周
3.0
2.5
5.9
7.3
3.5
1.2
0.4
共计：23.8

第二十周
1.8
0.9
3.6
2.8
3.0
3.6
2.1
共计：17.8

第二十一周
6.6
3.6
6.0
6.6
1.9
8.4
8.2
共计：41.3

第二十二周
7.0
6.6
1.7
4.9
3.9
2.3
5.8
共计：32.2

第二十三周
6.7
5.9
8.4
2.6
2.3
0.1
0.2
共计：26.2

第二十四周
4.5
1.7
1.8
5.8
7.5
0.4
1.7
共计：23.6

第二十五周
2.6
6.2
5.4
3.7
0.2
0.1
2.7
共计：20.8

第二十六周
4.7
9.5
4.3
2.8
5.7
0.1
0.1
共计：27.1

第二十七周
3.5
1.3
3.0
6.7
4.6
0.6
1.0
共计：20.7

第二十八周
0.6
4.2
3.9
1.4
0.1
0.1
0.1
共计：10.4

第二十九周
5.4
6.4
4.5
0.4
4.4
0.7
0.1
共计：22.0

第三十周
6.9
6.7
3.0
5.1
2.9
0.6
0.7
共计：25.9

第三十一周
3.5
0.4
0.2
0.1
1.1
0.1
0.2
共计：5.6

第三十二周
0.3
4.9
2.4
0.2
0.8
1.9
0.1
共计：10.6

第三十三周
3.3
5.1
6.2
5.3
4.8
1.1
0.4
共计：26.2

第三十四周：
5.1
2.4
3.7
1.4
0.5
0.1
0.1
共计：13.3

第三十五周
4.9
2.8
3.2
3.6
2.4
0.1
0.1
共计：17.1

第三十六周
3.1
1.5
1.7
1.6
3.9
0.1
0.3
共计：12.2

第三十七周
6.6
7.2
3.2
6.4
2.4
0.3
0.5
共计：26.6

第三十八周
2.2
1.0
0.7
5.8
5.7
0.3
0.2
共计：15.9

第三十九周
5.9
5.7
4.9
3.7
0.2
0.5
0.2
共计：21.1

第四十周
2.1
4.1
4.3
5.8
0.5
3.2
2.2
共计：22.2

第四十一周：
2.9
3.6
8.1
5.8
5.1
0.9
4.5
共计：30.9

第四十二周
0.3
1.9
1.0
1.5
1.5
1.0
0.1
共计：7.3

第四十三周
0.4
3.5
1.5
0.5
1.1
0.4
0.1
共计：7.5

第四十四周
0.1
0.1
共计：0.2
之后是2020年的新投资记录
